0 0.661177 0.485704 0.0334556 0.971408 0.678593
0 0.579267 0.482409 0.0200611 0.964819 0.678445
0 0.368966 0.482413 0.0497132 0.964826 0.660917
0 0.834668 0.480275 0.0193416 0.96055 0.566141
0 0.501805 0.480833 0.0235225 0.961667 0.532695
0 0.755108 0.486734 0.0234357 0.973469 0.458597
0 0.259552 0.480285 0.0297343 0.96057 0.381277
0 0.870489 0.48589 0.0289958 0.97178 0.298065
0 0.0356965 0.48203 0.016894 0.96406 0.290348
0 0.121274 0.484593 0.0523373 0.969186 0.281987
0 0.357524 0.484589 0.0299748 0.969179 0.281523
0 0.00703333 0.467303 0.0140667 0.934605 0.269254
