0 0.356327 0.488863 0.0269206 0.977726 0.780924
0 0.444566 0.487556 0.0309733 0.975112 0.737502
0 0.816868 0.491641 0.0414507 0.983282 0.727734
0 0.0986008 0.488153 0.02778 0.976306 0.706393
0 0.544024 0.48723 0.0328457 0.97446 0.553455
0 0.482562 0.454059 0.0230141 0.908118 0.492328
0 0.279873 0.48912 0.0366163 0.978241 0.468561
0 0.0128477 0.476096 0.0244504 0.952192 0.411537
0 0.684388 0.483624 0.0268344 0.967248 0.363409
0 0.186655 0.485877 0.0253025 0.971753 0.32379
0 0.273165 0.488609 0.0239757 0.977219 0.323177
0 0.0163192 0.453015 0.0225064 0.90603 0.320899
